==== MI Summary ====
original: 1.854254607722100934e+00
shuffle:  1.855961381251711062e+00
